0.0018224849372927565
0.0019768549100263044
0.001557860305183567
0.0018782101142278407
0.001835470011428697
0.0017070800822693855
0.0017293449127464555
0.0018761151477519888
0.0018703248861129396
0.0017136750830104575
0.0018279400501342025
0.0017134397785412148
0.0019105500359728467
0.001932379964273423
0.001843914888013387
0.001736785052344203
0.0018322800679015927
0.0018558749434305355
0.0019176901696482673
0.0018757651196210645
0.0018540650125942193
0.001995930215343833
0.0018733149954641704
0.0019569401592889335
0.0019332950068928767
0.0020830247922276612
0.0019991150293208193
0.001945160074683372
0.0021489450409717392
0.0017853449935500976
0.0018997100050910376
0.0020172950280539226
0.0020171298092463985
0.0020425751245056745
0.0020541948651953135
0.0019957150288973935
0.002092065042234026
0.002070474893116625
0.0020712450532300863
0.0020341801246104296
0.001958064967766404
0.001976629991986556
0.0020351049897726625
0.0020578299336193595
0.002262324906041613
0.004758664945256896
0.0032659649332344998
0.004465554920898285
0.0037472699841600843
0.002945809992525028
0.006215800003701588
0.003379170120751951
0.005915760066272924
0.005651865103573073
0.004790859911736334
0.006288615149969701
0.002276800023537362
0.004592420045810286
0.0033261001408391166
0.002725145150179742
0.005075875214970438
0.0026750698998512235
0.005116105021443218
0.0031954198857420124
0.0027285947726340964
0.00711209004293778
0.007679960144741926
0.007179439890023787
0.004425284951139474
0.0026621250071912073
0.0031405899062519893
0.0023053250879456755
0.002410744928056374
0.00611629006016301
0.008569524816266494
0.003358495123393368
0.002975719908135943
0.0037327149220800493
0.00272431512712501
0.0026261650054948404
0.007472394918295322
0.005032159806432901
0.004952650087943766
0.0023247749959409703
0.002219575017079478
0.005918980114074657
0.0037104250259289984
0.005679024689015932
0.007071550080581801
0.00831117999041453
0.0072016399826679844