0.001969625045603607
0.0017046299581124913
0.0018101699606631882
0.0017166398538392968
0.0021100599406054243
0.0018904249736806378
0.0018899951101047918
0.003674394956760807
0.002072775023407303
0.0024531400595151354
0.0020093250714126043
0.002499064903531689
0.0027136197240906768
0.0024770649724814575
0.0030860550759825855
0.0031616599699191283
0.0031428051261173096
0.003055529832636239
0.0030671150670968927
0.002398664983047638
0.0030324850740726106
0.002934675048891222
0.0019306900503579527
0.0025414600713702384
0.0023797000540071167
0.0019873902601830196
0.00308797498291824
0.0030730898470210377
0.002557480056566419
0.00255793000178528
0.002974614926642971
0.0031043650778883602
0.0032653399830451235
0.0032366648338211235
0.0031928498356137425
0.0031827850580157246
0.0030460952075372916
0.0028919699434482027
0.0029898248794779647
0.0019360399528522976
0.0029611651734740008
0.002504024851077702
0.0032895701224333607
0.002963645038107643
0.00290138505079085
0.0029881099726480898
0.002904029897763394
0.002919464768638136
0.0029455449293891434
0.002935874963441165
0.0029328301206987817
0.002978890079248231
0.0031046401090861764
0.0033952099875023123
0.0032847500006027985
0.0023462949684471823
0.002344335152884014
0.003015509882970946
0.0033849199826363474
0.0028141000075265765
0.0028563451269292273
0.0030976700872997753
0.0029394700686680153
0.003462970198597759
0.0028845602173532825
0.0029917301435489208
0.0029436551085382234
0.0023772751228534617
0.0030323700048029423
0.002867065013560932
0.0031588299498253036
0.002378645058342954
0.0029434551834128797
0.0029308201374078635
0.003133890058961697
0.0029535349312936887
0.00396030973206507
0.0028217749604664277
0.003138090050924802
0.0030723947566002607
0.002916959911090089
0.0029327350785024464
0.0029246950361994095
0.0023225051882036496
0.0033067398908315226
0.002822834976541344
0.002909774993895553
0.002973120008391561
0.0028417199428076856
0.0027986250461253803
0.0031966999267751817
0.0029682400599995162
0.0031986000249162316
0.0027769200642069336
0.0027604447313933633
0.0030976850939623546
0.0027753650465456303
0.0027143648912897334
0.0029958099185023457
0.0029336897750908975