0.0025070800802495796
0.002776280034595402
0.0029813999935868196
0.0030643951504316647
0.0024994050545501523
0.00302961499983212
0.003004769896506332
0.0029798148352710996
0.002991714936797507
0.0029293002808117308
0.002908584920078283
0.002914569904532982
0.0029423050546029117
0.002967104774143081
0.0028853449657617602
0.002940969970950391
0.002835715040419018
0.0028754151026078034
0.0027516449335962534
0.002783839881885797
0.0028211951030243654
0.0024047600163612515
0.0029537147929659113
0.0028980200841033366
0.003234295108995866
0.0029894399085605983
0.002906984809669666
0.002891504864237504
0.003188975024386309
0.002891999847633997
0.0028021000252920203
0.0028774351994798053
0.0029612049911520444
0.002874495075957384
0.002834295191860292
0.0028853650474047754
0.003116155039606383
0.0029684449509659316
0.0029177700525906403
0.002920729803008726
0.0029214299320301507
0.0029139500475139357
0.0029384149638644885
0.0023945300563354976
0.0032131151237990707
0.008172245106834453
0.0041522399260429665
0.005144434926478425
0.004214840228087269
0.004432764853845583
0.003887564853357617
0.003272174835728947
0.005492979835253209
0.007379225062322803
0.0039166450733318925
0.009805985046114074
0.014827780232735677
0.007658645045012236
0.004643395077437162
0.015918289936962537
0.0041646849240351
0.004413999904500088
0.004576969986374024
0.004851639987464296
0.003839639866782818
0.006619995074288454
0.009328460109827574
0.007426470092468662
0.006298849857557798
0.00720327010640176
0.003409870005270932
0.004265419811417814
0.0069987949609640054
0.0055244300710910466
0.0058660999457060825
0.006234140182641568
0.005258639885141747
0.006013209949742304
0.009379700059071183
0.003639270125859184
0.00671902982503525
0.004702860096585937
0.006720814944856102
0.005513740088645136
0.0039885201476863585
0.004577004892780678
0.006227769954421092
0.005345505196601152
0.005984894905850524
0.0057445648781140335
0.011301610102236737