0.011668384995573433
0.013115895126247779
0.01227600003403495
0.014091629891481716
0.013575820103142178
0.015579780028929235
0.01218751514898031
0.014446095010498539
0.013102584962325636
0.0172323250262707
0.018291809956281213
0.01726841512208921
0.030143035037326626
0.0168657749054546
0.017088639779103687
0.014140410094114486
0.018291629858140368
0.014866979763610289
0.02297251507116016
0.01743444005114725
0.017433375032851472
0.01753736003593076
0.016887819620023947
0.019082734906987753
0.018200429767603055
0.015810505246918183
0.018741174644674174
0.023111259688448627
0.01817733955249423
0.01906310997583205
0.02111357513058465
0.019276169950899202
0.01733312994474545
0.017387814878020436
0.018024429664365016
0.019071500100835692
0.017934900170075707
0.018295864974788856
0.018229049965157174
0.019533875383785926
0.018745124907582067
0.019612080104707275
0.030245834932429716
0.023856774932937697
0.019822974754788447
0.0183400698369951
0.021111495079821907
0.019773500025621615
0.019396249881538097
0.019572210076148622
0.022047844795451965
0.021225399723334704
0.019266585040895734
0.03474763499980327
0.023186160397017375
0.02081609003653284
0.020119980072195176
0.019765105280384887
0.021332700052880682
0.020688290023826994
0.019499729896779172
0.02079027508443687
0.020605025019904133
0.021117745054652914
0.020914125016133767
0.024397215238423087
0.020659970250562765
0.021302120185282547
0.020958109853381757
0.020963585120625794
0.021755939960712567
0.023428264685207978
0.020812469883821905
0.019991594963357784
0.03412571481021587
0.019805859810730908
0.021439449810713995
0.019869924726663157
0.019858425039274152
0.020540420009638183
0.020848340027441736
0.022383245050150435
0.020239700061210897
0.02232470993476454
0.020852184934483375
0.021604570029012393
0.0213498598895967
0.022105159987404477
0.02171377003833186
0.02043680000497261
0.024261874932562932