0.0006785749246773776
0.0007397998888336588
0.000928845074668061
0.0009407101424585562
0.0010126500819751527
0.0010645451766322367
0.0009112150110013317
0.0011571599861781579
0.0009356850569020025
0.0010056549581349827
0.0011026147694792598
0.0011004450243490282
0.0012101850370527245
0.0012510501619544812
0.001332955107500311
0.0011978200564044528
0.0011974300468864385
0.0012981649706489407
0.0013219949141785037
0.0011895550778717734
0.0012973148295714054
0.0012772748232237063
0.0011960801930399612
0.001245769890374504
0.0012701199011644349
0.001398960066580912
0.0011697999616444577
0.0013995800873090047
0.0013736150322074536
0.0014697548613185063
0.0013864300126442686
0.0014367601033882238
0.0013414550085144583
0.0014637099047831725
0.0011080500917159952
0.0015199402150756214
0.00136518983708811
0.0014133049808151554
0.0015538298794126604
0.0013671149827132467
0.001257345029443968
0.0014205499974195845
0.0016278950533887837
0.001226204967679223
0.0014597800691262819
0.001519399866083404
0.0015658951087971218
0.0016231099652941339
0.0015732948850200046
0.0014474749332293868
0.0014326550626719836
0.001560099935886683
0.00159968993102666
0.001724545109027531
0.0015392349996545818
0.001498554993304424
0.0014589550301025156
0.0015003698899818119
0.0013601300270238426
0.0016004298413463403
0.0014999350059952121
0.0012306250027904753
0.0015791451005497947
0.001459145059925504
0.0016035899352573324
0.0014451297829509713
0.0016196148317249026
0.0014726150584465358
0.001664165120018879
0.001602924858161714
0.001730364947434282
0.0016118851453938987
0.0014283050222729798
0.001514650048193289
0.0016932548533077352
0.001668499917286681
0.0018471802286512684
0.0015319849262596108
0.0016998650789901149
0.00167808510013856
0.0013943449266662356
0.0016191350368899293
0.0015501200687140226
0.001687694948486751
0.0016661949666740838
0.00128920988572645
0.0015335498756030574
0.0017649049732426647
0.001535509763925802
0.001673629867582349
0.0018526301209931262
0.0016278550538117997
0.0017956949523068033
0.001653239996812772
0.0014492300579149742
0.0016291398060275242
0.001654279858485097
0.0016623549163341522
0.00170137998793507
0.001530279878352303