0.005497835172718624
0.007586704869027017
0.007628754938195925
0.011150045011163456
0.007659585025976412
0.006049280054867268
0.008977664874691982
0.010542995078139938
0.014915400024619885
0.008444069917459274
0.010154475112358341
0.017346924978483003
0.00926499989873264
0.009023375168908387
0.010554194850556087
0.008631009950477164
0.010459104723850032
0.008679449911142001
0.009720489852043102
0.010910830042121233
0.008504270044795703
0.010333794798498275
0.007043850109766936
0.009726640073495219
0.02400480998403509
0.013242710138001712
0.009169334989564959
0.009655304966145195
0.010303395156370243
0.008505365076416638
0.009267180194001412
0.01069907490091282
0.007611845030623954
0.011849285001517273
0.011675960158754606
0.009205785099766217
0.012273699994693743
0.015025205084384652
0.008788135237409733
0.01083909512090031
0.03063414014832233
0.009400220042152796
0.017822169920691522
0.012384689962345874
0.00867899505465175
0.010684799908631248
0.011788639840233373
0.009331724868388847
0.01873422506832867
0.010555964927334571
0.010850224789464846
0.008940429925132776
0.013659754895343212
0.01319446027991944
0.021853499983990332
0.010617620009725215
0.00818800999695668
0.010200340038863942
0.010644799986039288
0.00974070015217876
0.008924040012061596
0.0118693099830125
0.01015841498883674
0.011632684909272939
0.009153780047199689
0.012393035030981991
0.009286835065722698
0.010180890003539389
0.01032141497489647
0.010829609855136368
0.008415269967372296
0.01196911500301212
0.012400635023368523
0.010807075195771176
0.011470984863990452
0.010380194908066187
0.01795460500943591
0.00803748005637317
0.012724929947580677
0.020757294914801605
0.0116411048657028
0.0122148100490449
0.011725290059985127
0.011405974910303485
0.01638242481931229
0.011542400116013596
0.012606180116563337
0.010987130135617917
0.010165495205001207
0.012213344871270237
0.012860425213148119