0.0023246401542564854
0.006881005010654917
0.00813209493571776
0.008471855053358013
0.008711260015843436
0.009560374983266229
0.009356685059174197
0.007443785034411121
0.011451090067566838
0.006262920105655212
0.009579064790159464
0.01951785001438111
0.0081347797458875
0.010137414992641425
0.01069320995156886
0.009753339872986544
0.01111916493755416
0.009728690001793439
0.01025984496664023
0.011234974899707595
0.0113250701178913
0.009325214705313556
0.009182560061162803
0.00937747990974458
0.009413755014975322
0.011961075088038342
0.012068820142303593
0.009366014783154242
0.011563634925551014
0.011273955005890457
0.012305290019867243
0.01114942479034653
0.01008668517897604
0.012779709977621678
0.010301475067535648
0.00975902505160775
0.015397484930872452
0.016033199808589416
0.010954910121654393
0.012495239952841075
0.02200000501034083
0.012188384880573722
0.014047445001779124
0.012964719935553148
0.012769510103680659
0.012159849884483265
0.014754105050087674
0.012906889969599433
0.022965214848227333
0.011414405034884112
0.010690674898796715
0.0113944901022478
0.01947967495652847
0.011474090115370927
0.02012947499679285
0.012593895007739775
0.01124791000620462
0.011871330007124925
0.01244117511305376
0.00859374007632141
0.012909274919365998
0.012103930021112319
0.01547239487990737
0.01211635990330251
0.011328629989293404
0.011122959840577096
0.011403789831092581
0.012404449953464791
0.013293535012053326
0.012799755022570025
0.013136804845998995
0.014982525099185295
0.013444514879665803
0.0121555851183075
0.013768105091003235
0.011698974994942546
0.026126299799216213
0.012624069986486575
0.012064015081705293
0.02307730481334147
0.013695440156880068
0.012554515105875907
0.01225612508278573
0.01280985994526418
0.015595209879393224
0.014584239943360444
0.011740315167116933
0.013085419832350453
0.014084785088925855
0.01609948987606913
0.012837220092478674