0.00979195998297655
0.010413330055598635
0.015158710211835569
0.015788305117894197
0.01390102999721421
0.010380064995842986
0.01321518502663821
0.010887140069826273
0.0236528698951588
0.013903510098316474
0.013451439863274572
0.01439604495317326
0.03102941986071528
0.01368543997159577
0.012232549925101921
0.012853364678448997
0.014433274809562135
0.013362594654608984
0.017349145346088335
0.009841259925451595
0.01174079949123552
0.013053984657744877
0.011718475034285802
0.013888015309930779
0.011836764715553727
0.012298950205149595
0.014206135092535987
0.019561575027182698
0.015265814872691408
0.014079220163694117
0.013080624921713024
0.014071179830352776
0.013135574954503682
0.014262164841056801
0.014051849902898539
0.012888844867120497
0.01556219496706035
0.013521255423256662
0.014176360309647862
0.013872905110474676
0.016107960254885256
0.013079435084364377
0.02118292497470975
0.014800195021962281
0.014131379939499311
0.013716689936700277
0.015160384973569307
0.014617784436268266
0.0118112448399188
0.012402909887896385
0.014883060102874879
0.01224631501827389
0.014096589911787305
0.02366902514040703
0.018080829904647544
0.013667485254700296
0.013737714834860526
0.015091045061126351
0.020186739930068143
0.014590960054192692
0.014496580042759888
0.01583011522598099
0.012645704955502879
0.01605141511390684
0.0182209048216464
0.014795679817325436
0.012331520047155209
0.016634630264888983
0.014504730024782475
0.016976889928628225
0.014600530048483051
0.016477715289511252
0.019030970106541645
0.01711179480480496
0.026669785438571125
0.01558679505251348
0.017221255038748495
0.013961334989289753
0.014959319960325956
0.01623614523850847
0.01219385023432551
0.017028729889716487
0.014778379918425344
0.017073080016416498
0.014847879538137931
0.013693464788957499
0.015445115277543664
0.015319884587370325
0.017152650070784148
0.015927569729683455
0.015146900041145273